79800
61500
58500
28700
54000
30000
11600
25600
15200
9900
13900
10100
10100
12300
26700
15900
11400
14000
8100
11800
14400
7800
9000
9100
41400
11600
11700
11400
17800
12100
12500
8200
8500
8200
7300
7100
11500
6600
7400
7200
12700
7300
9400
12600
6900
8300
126900
13400
128000
6700
13400
11200
7100
8200
12400
7600
7700
12900
8900
7700
10600
9900
6500
9100
6600
9800
10200
6600
24800
6400
6000
6400
6700
12500
7400
6900
6800
6400
6700
10100
7700
7200
6200
6600
7000
6900
6800
6700
6500
6200
7800
7300
5900
6700
6900
15000
6500
6900
6900
7900
