81800
81900
45400
132600
48400
39700
19300
39800
103200
21400
38100
15600
19200
14200
88300
22600
53100
20800
14300
16300
16100
17200
18000
15700
50000
25900
18200
26000
26400
11200
19000
30000
14900
13700
13200
13600
13100
12400
17400
13000
15100
12800
20000
19000
23000
13700
39900
15400
56500
11000
18000
19400
12500
15200
17000
12700
12700
18900
13700
14500
11400
26100
10400
11700
14400
18800
22900
10400
9300
14100
11900
10000
12800
19500
12100
9700
9600
10000
12600
9800
12700
13500
10600
9900
12400
15200
10900
13300
9500
9700
52200
13700
14400
14600
12500
14100
63600
10200
10500
10500
