126781200
5615100
3010600
3171600
3351900
1502000
6981900
2706400
6233200
1373000
1963500
2630200
1278000
2268800
1686400
3141000
1162600
1172600
1775000
967900
1057700
1462400
2219500
12412400
4735300
988300
737200
2407000
768200
4097000
2003000
1258400
911700
1731000
901700
548900
2975000
1500300
649600
881600
642900
567000
1626000
1268300
926900
539600
622900
411900
1760800
392100
425500
406700
522800
420700
467800
416600
614900
641600
487300
2623000
751200
559300
538200
1208500
6362200
503700
484800
588600
1311600
933600
549300
518900
659700
703900
678900
709500
2361800
1808700
1358500
977200
3578900
610700
1362300
820200
685900
700600
746100
3752200
906000
368000
2095900
525700
428700
352600
387900
570200
652600
495600
653700
833300
