679800
1026700
201900
517100
197100
280600
609500
175100
592600
762000
25400
267900
79700
191500
96900
312300
42700
109000
51600
20600
66600
73000
67400
70900
49900
50000
247800
57700
62100
76800
64900
21900
45100
123100
63700
73200
18300
19900
101400
49500
38500
41800
306500
155500
24100
34500
49900
20500
194200
29600
196000
62300
118700
66800
167000
174500
61800
54400
212000
95400
26800
40100
52400
25200
89800
46200
43400
32600
15600
31800
82400
14100
15200
49400
73200
54300
39300
19400
17400
52500
30700
15900
49900
18300
311900
24600
30900
27800
43500
51500
27700
33300
34200
18200
35100
46000
42300
38600
132900
26000
